CP001834.1,NC_002662.1,98.766,115680,1326,63,1945471,2061090,1768524,1884162,0.0,2.056e+05
CP001834.1,NC_002662.1,98.667,58536,712,37,2083985,2142497,1895045,1953535,0.0,1.037e+05
CP001834.1,NC_002662.1,98.530,57467,761,43,1366469,1423872,1276586,1334031,0.0,1.014e+05
CP001834.1,NC_002662.1,99.335,51585,335,7,1153651,1205228,1128090,1179673,0.0,93352
CP001834.1,NC_002662.1,98.866,51139,530,23,361534,412657,314613,365716,0.0,91177
CP001834.1,NC_002662.1,99.131,43825,370,11,995459,1039275,958609,1002430,0.0,78808
CP001834.1,NC_002662.1,98.984,42026,404,14,420133,462149,375766,417777,0.0,75220
CP001834.1,NC_002662.1,99.264,36280,254,13,774055,810328,742589,778861,0.0,65505
CP001834.1,NC_002662.1,99.261,35177,233,12,510004,545170,517745,552904,0.0,63494
CP001834.1,NC_002662.1,99.233,34944,252,15,218,35155,1,34934,0.0,63030
CP001834.1,NC_002662.1,99.270,33563,237,7,1119950,1153509,1092752,1126309,0.0,60615
CP001834.1,NC_002662.1,98.104,33332,600,19,181542,214857,187324,220639,0.0,58022
CP001834.1,NC_002662.1,98.771,31887,320,49,2382538,2414405,2157260,2189093,0.0,56647
CP001834.1,NC_002662.1,99.429,29407,147,8,462133,491537,417823,447210,0.0,53354
CP001834.1,NC_002662.1,98.989,29783,270,9,1727327,1757081,1587019,1616798,0.0,53302
CP001834.1,NC_002662.1,99.239,28921,199,16,544999,573912,552863,581769,0.0,52168
CP001834.1,NC_002662.1,98.417,29257,424,33,1698095,1727329,1556555,1585794,0.0,51426
CP001834.1,NC_002662.1,99.216,27157,201,11,637164,664312,651790,678942,0.0,48959
CP001834.1,NC_002662.1,97.804,28190,560,44,942496,970656,906880,935039,0.0,48573
CP001834.1,NC_002662.1,99.336,26664,162,8,65651,92303,95879,122538,0.0,48244
CP001834.1,NC_002662.1,98.938,26467,223,19,905770,932188,880484,906940,0.0,47266
CP001834.1,NC_002662.1,99.440,25526,138,4,2572620,2598144,2339832,2365353,0.0,46340
CP001834.1,NC_002662.1,98.965,25901,253,13,1886034,1911926,1716907,1742800,0.0,46331
CP001834.1,NC_002662.1,99.260,25277,166,9,2547368,2572626,2313752,2339025,0.0,45622
CP001834.1,NC_002662.1,99.235,25237,145,15,2167164,2192377,1980439,2005650,0.0,45491
CP001834.1,NC_002662.1,98.929,24829,252,3,1649880,1674696,1516211,1541037,0.0,44365
CP001834.1,NC_002662.1,98.436,24109,359,13,2220911,2245010,2046183,2070282,0.0,42416
CP001834.1,NC_002662.1,99.394,23113,136,4,865306,888416,839790,862900,0.0,41903
CP001834.1,NC_002662.1,96.989,24182,709,17,1588930,1613104,1455749,1479918,0.0,40605
CP001834.1,NC_002662.1,99.361,22231,122,10,810359,832587,778847,801059,0.0,40248
CP001834.1,NC_002662.1,97.584,22435,497,22,1480627,1503028,1360331,1382753,0.0,38385
CP001834.1,NC_002662.1,99.059,20094,152,14,734744,754824,707662,727731,0.0,36025
CP001834.1,NC_002662.1,99.341,19891,122,3,2275831,2295720,2103895,2123777,0.0,35997
CP001834.1,NC_002662.1,99.138,19965,164,7,1847459,1867419,1678362,1698322,0.0,35909
CP001834.1,NC_002662.1,98.830,19830,203,19,235812,255619,239186,259008,0.0,35307
CP001834.1,NC_002662.1,97.970,20047,357,27,2463265,2483276,2237453,2257484,0.0,34719
CP001834.1,NC_002662.1,99.246,19229,132,9,2348259,2367478,2128029,2147253,0.0,34694
CP001834.1,NC_002662.1,99.256,19210,141,2,715549,734756,687385,706594,0.0,34681
CP001834.1,NC_002662.1,98.639,19475,256,9,2198029,2217499,2025732,2045201,0.0,34487
CP001834.1,NC_002662.1,99.216,19004,149,0,833082,852085,801242,820245,0.0,34269
CP001834.1,NC_002662.1,99.185,19023,148,7,38778,57798,56355,75372,0.0,34263
CP001834.1,NC_002662.1,99.301,18874,105,8,2440466,2459335,2217593,2236443,0.0,34097
CP001834.1,NC_002662.1,99.354,18570,117,3,491470,510039,484064,502630,0.0,33624
CP001834.1,NC_002662.1,99.059,18486,161,10,1782729,1801207,1616757,1635236,0.0,33161
CP001834.1,NC_002662.1,99.203,17183,113,9,614893,632054,609299,626478,0.0,30950
CP001834.1,NC_002662.1,99.314,16912,115,1,157250,174161,164961,181871,0.0,30587
CP001834.1,NC_002662.1,98.685,17107,217,8,1613409,1630512,1489098,1506199,0.0,30337
CP001834.1,NC_002662.1,98.798,17055,161,19,1312377,1329423,1242530,1259548,0.0,30319
CP001834.1,NC_002662.1,99.131,16465,115,6,257695,274147,259079,275527,0.0,29588
CP001834.1,NC_002662.1,98.235,16655,227,40,1296055,1312674,1226060,1242682,0.0,29065
CP001834.1,NC_002662.1,98.855,16238,173,13,1051275,1067506,1021663,1037893,0.0,28943
CP001834.1,NC_002662.1,98.768,16238,171,7,1809638,1825856,1644118,1660345,0.0,28851
CP001834.1,NC_002662.1,98.322,14601,219,21,2257195,2271785,2084032,2098616,0.0,25582
CP001834.1,NC_002662.1,98.541,14461,197,11,1683652,1698108,1541038,1555488,0.0,25523
CP001834.1,NC_002662.1,98.754,14281,153,13,575138,589395,583270,597548,0.0,25363
CP001834.1,NC_002662.1,98.169,14472,237,18,215723,230187,220638,235088,0.0,25231
CP001834.1,NC_002662.1,99.368,13757,83,4,2415824,2429578,2189150,2202904,0.0,24919
CP001834.1,NC_002662.1,99.266,13360,88,6,1926305,1939660,1755192,1768545,0.0,24120
CP001834.1,NC_002662.1,98.952,13355,131,7,1106262,1119611,1079406,1092756,0.0,23878
CP001834.1,NC_002662.1,99.266,13214,95,2,852099,865311,822613,835825,0.0,23863
CP001834.1,NC_002662.1,99.341,13057,84,2,338759,351813,296122,309178,0.0,23634
CP001834.1,NC_002662.1,99.674,11976,34,3,1039265,1051235,1002390,1014365,0.0,21894
CP001834.1,NC_002662.1,99.009,11805,112,5,1873462,1885264,1704130,1715931,0.0,21147
CP001834.1,NC_002662.1,99.267,11183,81,1,318150,329332,275510,286691,0.0,20196
CP001834.1,NC_002662.1,98.792,11259,125,7,762895,774144,731354,742610,0.0,20028
CP001834.1,NC_002662.1,98.529,11146,154,5,1825426,1836571,1660203,1671338,0.0,19666
CP001834.1,NC_002662.1,99.193,10910,72,5,2429566,2440473,2203972,2214867,0.0,19645
CP001834.1,NC_002662.1,98.905,10227,112,0,2073705,2083931,1884143,1894369,0.0,18266
CP001834.1,NC_002662.1,98.925,10136,106,3,1519298,1529431,1398268,1408402,0.0,18111
CP001834.1,NC_002662.1,98.239,10049,158,14,2482263,2492302,2257518,2267556,0.0,17559
CP001834.1,NC_002662.1,99.223,9647,74,1,147369,157015,155197,164842,0.0,17398
CP001834.1,NC_002662.1,99.352,9569,56,3,2245887,2255451,2070590,2080156,0.0,17322
CP001834.1,NC_002662.1,99.434,9535,52,2,2494980,2504514,2271485,2281017,0.0,17307
CP001834.1,NC_002662.1,98.955,9470,81,11,329314,338772,286633,296095,0.0,16923
CP001834.1,NC_002662.1,96.952,9811,266,29,120628,130423,144269,154061,0.0,16430
CP001834.1,NC_002662.1,98.982,9140,90,3,2526160,2535298,2287176,2296313,0.0,16360
CP001834.1,NC_002662.1,98.435,8816,132,6,1214794,1223607,1193595,1202406,0.0,15511
CP001834.1,NC_002662.1,99.162,8590,65,7,108941,117526,126510,135096,0.0,15457
CP001834.1,NC_002662.1,98.268,8659,131,12,2142485,2151130,1954603,1963255,0.0,15141
CP001834.1,NC_002662.1,99.399,7324,44,0,412812,420135,365709,373032,0.0,13282
CP001834.1,NC_002662.1,98.261,7416,124,5,1473023,1480436,1352371,1359783,0.0,12975
CP001834.1,NC_002662.1,98.627,7283,96,3,2157694,2164976,1969996,1977274,0.0,12892
CP001834.1,NC_002662.1,98.697,7063,90,2,1840398,1847458,1671348,1678410,0.0,12532
CP001834.1,NC_002662.1,99.203,6522,50,2,595077,601597,602798,609318,0.0,11755
CP001834.1,NC_002662.1,97.064,6845,186,8,888454,895284,862893,869736,0.0,11513
CP001834.1,NC_002662.1,98.247,6502,104,6,2540877,2547377,2307227,2313719,0.0,11367
CP001834.1,NC_002662.1,98.490,6424,93,4,1801182,1807603,1635370,1641791,0.0,11322
CP001834.1,NC_002662.1,98.763,6304,68,8,59371,65668,75777,82076,0.0,11201
CP001834.1,NC_002662.1,91.493,8029,640,33,1553577,1561579,1422967,1430978,0.0,11003
CP001834.1,NC_002662.1,99.861,5746,8,0,2167336,2173081,543053,537308,0.0,10567
CP001834.1,NC_002662.1,99.266,5855,36,2,1867533,1873380,1698281,1704135,0.0,10567
CP001834.1,NC_002662.1,99.861,5743,7,1,529568,535310,1986355,1980614,0.0,10560
CP001834.1,NC_002662.1,99.334,5554,36,1,2192499,2198052,2005715,2011267,0.0,10050
CP001834.1,NC_002662.1,99.089,5489,47,1,176042,181530,181856,187341,0.0,9856
CP001834.1,NC_002662.1,99.850,5351,6,2,2440983,2446332,2260621,2265970,0.0,9836
CP001834.1,NC_002662.1,99.720,5351,12,3,2485367,2490716,2218110,2223458,0.0,9795
CP001834.1,NC_002662.1,99.701,5346,14,2,529551,534894,2346177,2340832,0.0,9782
CP001834.1,NC_002662.1,99.663,5346,16,2,2573620,2578965,542634,537291,0.0,9771
CP001834.1,NC_002662.1,99.775,5324,11,1,2167755,2173077,2340832,2346155,0.0,9764
CP001834.1,NC_002662.1,99.737,5324,12,2,2573620,2578943,1981030,1986351,0.0,9753
CP001834.1,NC_002662.1,99.867,5273,6,1,2441083,2446354,2360130,2365402,0.0,9697
CP001834.1,NC_002662.1,99.810,5251,9,1,2485467,2490716,2360130,2365380,0.0,9640
CP001834.1,NC_002662.1,99.904,5224,3,2,2592921,2598144,2260722,2265943,0.0,9618
CP001834.1,NC_002662.1,99.885,5224,3,3,2592921,2598144,2218211,2223431,0.0,9611
CP001834.1,NC_002662.1,99.828,5224,8,1,632052,637275,629211,634433,0.0,9596
CP001834.1,NC_002662.1,99.942,5179,3,0,2167876,2173054,2360133,2365311,0.0,9548
CP001834.1,NC_002662.1,99.942,5179,3,0,2573742,2578920,2360133,2365311,0.0,9548
CP001834.1,NC_002662.1,99.942,5176,3,0,529598,534773,2365308,2360133,0.0,9542
CP001834.1,NC_002662.1,99.942,5174,3,0,2592924,2598097,542513,537340,0.0,9539
CP001834.1,NC_002662.1,99.923,5178,3,1,2167877,2173054,2260725,2265901,0.0,9539
CP001834.1,NC_002662.1,99.923,5178,3,1,2573743,2578920,2260725,2265901,0.0,9539
CP001834.1,NC_002662.1,99.942,5174,3,0,2592924,2598097,2340954,2346127,0.0,9539
CP001834.1,NC_002662.1,99.942,5173,3,0,2441086,2446258,542512,537340,0.0,9537
CP001834.1,NC_002662.1,99.942,5173,3,0,2441086,2446258,2340955,2346127,0.0,9537
CP001834.1,NC_002662.1,99.903,5178,3,2,2167877,2173054,2218214,2223389,0.0,9533
CP001834.1,NC_002662.1,99.903,5178,3,2,2573743,2578920,2218214,2223389,0.0,9533
CP001834.1,NC_002662.1,99.923,5175,3,1,529598,534772,2265898,2260725,0.0,9533
CP001834.1,NC_002662.1,99.903,5175,3,2,529598,534772,2223386,2218214,0.0,9527
CP001834.1,NC_002662.1,99.903,5174,4,1,2592924,2598097,1981151,1986323,0.0,9526
CP001834.1,NC_002662.1,99.903,5173,4,1,2441086,2446258,1981152,1986323,0.0,9524
CP001834.1,NC_002662.1,99.884,5173,6,0,2485470,2490642,542512,537340,0.0,9520
CP001834.1,NC_002662.1,99.884,5173,6,0,2485470,2490642,2340955,2346127,0.0,9520
CP001834.1,NC_002662.1,99.845,5173,7,1,2485470,2490642,1981152,1986323,0.0,9507
CP001834.1,NC_002662.1,97.650,5531,122,7,1209238,1214764,1186971,1192497,0.0,9487
CP001834.1,NC_002662.1,98.941,5099,49,5,589963,595059,597647,602742,0.0,9112
CP001834.1,NC_002662.1,96.484,5461,160,27,352672,358116,309177,314621,0.0,8992
CP001834.1,NC_002662.1,90.668,6740,570,43,988755,995472,950839,957541,0.0,8907
CP001834.1,NC_002662.1,95.866,5443,206,14,1566251,1571688,1434904,1440332,0.0,8787
CP001834.1,NC_002662.1,92.762,6079,436,4,1356684,1362760,1269285,1275361,0.0,8785
CP001834.1,NC_002662.1,98.195,4819,81,6,2520544,2525359,2282011,2286826,0.0,8412
CP001834.1,NC_002662.1,98.909,4126,45,0,1514842,1518967,1386633,1390758,0.0,7371
CP001834.1,NC_002662.1,99.262,4064,29,1,2536704,2540767,2299507,2303569,0.0,7337
CP001834.1,NC_002662.1,98.985,4038,39,2,92341,96378,122532,126567,0.0,7228
CP001834.1,NC_002662.1,98.099,4050,75,2,1452375,1456422,1345026,1349075,0.0,7051
CP001834.1,NC_002662.1,98.014,3977,70,7,1448277,1452247,1338955,1342928,0.0,6898
CP001834.1,NC_002662.1,98.908,3847,39,3,901936,905781,876465,880309,0.0,6868
CP001834.1,NC_002662.1,99.234,3524,25,2,2154235,2157758,1966368,1969889,0.0,6357
CP001834.1,NC_002662.1,98.849,3563,36,5,1100886,1104446,1071915,1075474,0.0,6348
CP001834.1,NC_002662.1,96.269,3726,133,6,2272112,2275833,2098947,2102670,0.0,6106
CP001834.1,NC_002662.1,93.340,4144,238,28,1529460,1533573,1408392,1412527,0.0,6089
CP001834.1,NC_002662.1,99.432,3168,13,5,2379375,2382540,2151363,2154527,0.0,5746
CP001834.1,NC_002662.1,98.343,3199,47,5,2063040,2066236,2013654,2016848,0.0,5609
CP001834.1,NC_002662.1,99.507,3045,15,0,2151208,2154252,1963256,1966300,0.0,5541
CP001834.1,NC_002662.1,99.500,3003,13,2,117574,120574,141279,144281,0.0,5461
CP001834.1,NC_002662.1,98.648,3033,41,0,1638895,1641927,1511210,1514242,0.0,5374
CP001834.1,NC_002662.1,92.253,3782,262,21,1553571,1557332,479036,475266,0.0,5332
CP001834.1,NC_002662.1,98.902,2824,26,3,2367466,2370288,2148321,2151140,0.0,5038
CP001834.1,NC_002662.1,93.223,3379,218,11,2067895,2071269,2019876,2023247,0.0,4961
CP001834.1,NC_002662.1,89.378,3954,388,29,2513774,2517712,41421,37485,0.0,4946
CP001834.1,NC_002662.1,99.216,2678,20,1,2492290,2494967,2268624,2271300,0.0,4828
CP001834.1,NC_002662.1,98.432,2742,40,3,230180,232921,235111,237849,0.0,4822
CP001834.1,NC_002662.1,99.186,2579,19,1,35128,37706,49836,52412,0.0,4645
CP001834.1,NC_002662.1,98.624,2544,35,0,1911927,1914470,1744552,1747095,0.0,4505
CP001834.1,NC_002662.1,92.938,3073,207,10,1469960,1473026,1349209,1352277,0.0,4464
CP001834.1,NC_002662.1,97.220,2482,64,4,664395,666873,684937,687416,0.0,4196
CP001834.1,NC_002662.1,87.444,3576,412,23,1562358,1565912,1430999,1434558,0.0,4082
CP001834.1,NC_002662.1,97.619,2268,49,5,1630614,1632878,1506823,1509088,0.0,3884
CP001834.1,NC_002662.1,98.004,2204,33,3,899595,901789,871185,873386,0.0,3816
CP001834.1,NC_002662.1,97.662,2181,46,5,1915888,1918067,1749526,1751702,0.0,3740
CP001834.1,NC_002662.1,98.071,2126,39,2,1924192,1926317,1752001,1754124,0.0,3698
CP001834.1,NC_002662.1,99.030,2061,18,1,1104214,1106272,1077299,1079359,0.0,3694
CP001834.1,NC_002662.1,98.231,2091,35,1,1503034,1505124,1382688,1384776,0.0,3655
CP001834.1,NC_002662.1,99.000,1900,19,0,1504973,1506872,1384695,1386594,0.0,3404
CP001834.1,NC_002662.1,99.068,1825,17,0,1294238,1296062,1222913,1224737,0.0,3277
CP001834.1,NC_002662.1,91.465,2191,159,14,128970,131137,152893,155078,0.0,2985
CP001834.1,NC_002662.1,92.041,2073,161,4,232520,234590,867526,869596,0.0,2911
CP001834.1,NC_002662.1,90.005,2211,196,13,1728617,1730810,869735,867533,0.0,2835
CP001834.1,NC_002662.1,94.178,1855,105,3,276511,278364,1267601,1265749,0.0,2824
CP001834.1,NC_002662.1,89.954,2190,200,14,893106,895283,1590490,1588309,0.0,2808
CP001834.1,NC_002662.1,92.736,1886,121,9,2342907,2344782,1265749,1267628,0.0,2710
CP001834.1,NC_002662.1,93.234,1670,103,7,893638,895299,237988,239655,0.0,2449
CP001834.1,NC_002662.1,98.898,1361,15,0,2535429,2536789,2298168,2299528,0.0,2431
CP001834.1,NC_002662.1,95.127,1539,62,12,1914461,1915993,1748315,1749846,0.0,2414
CP001834.1,NC_002662.1,87.902,2050,226,15,232539,234583,1590490,1588458,0.0,2392
CP001834.1,NC_002662.1,99.109,1235,10,1,2335243,2336477,1585787,1587020,0.0,2218
CP001834.1,NC_002662.1,99.031,1238,9,3,2335244,2336479,92968,94204,0.0,2217
CP001834.1,NC_002662.1,99.107,1232,9,2,2335251,2336481,2102671,2103901,0.0,2213
CP001834.1,NC_002662.1,99.265,1225,8,1,2335251,2336475,90998,92221,0.0,2211
CP001834.1,NC_002662.1,99.265,1225,8,1,2335251,2336475,728076,729299,0.0,2211
CP001834.1,NC_002662.1,99.265,1225,8,1,2335251,2336475,1747096,1748319,0.0,2211
CP001834.1,NC_002662.1,94.023,1489,39,24,2165708,2167184,1978979,1980429,0.0,2211
CP001834.1,NC_002662.1,98.790,1240,15,0,2347019,2348258,2123736,2124975,0.0,2207
CP001834.1,NC_002662.1,98.866,1235,12,2,2335242,2336475,1275352,1276585,0.0,2202
CP001834.1,NC_002662.1,99.022,1227,10,2,2337739,2338965,90991,92215,0.0,2198
CP001834.1,NC_002662.1,98.942,1229,12,1,2337747,2338975,728076,729303,0.0,2196
CP001834.1,NC_002662.1,98.942,1229,11,2,2335248,2336475,1222806,1221579,0.0,2196
CP001834.1,NC_002662.1,99.021,1226,11,1,2337747,2338972,1585795,1587019,0.0,2196
CP001834.1,NC_002662.1,98.941,1228,12,1,2335251,2336478,1216155,1217381,0.0,2194
CP001834.1,NC_002662.1,99.180,1219,9,1,2337747,2338965,1747096,1748313,0.0,2194
CP001834.1,NC_002662.1,99.180,1219,9,1,2337747,2338965,2102671,2103888,0.0,2194
CP001834.1,NC_002662.1,99.016,1219,11,1,2337747,2338965,92977,94194,0.0,2183
CP001834.1,NC_002662.1,98.852,1219,13,1,2337747,2338965,1275362,1276579,0.0,2172
CP001834.1,NC_002662.1,98.612,1225,16,1,2337747,2338971,1222802,1221579,0.0,2167
CP001834.1,NC_002662.1,98.532,1226,17,1,2337747,2338972,1216155,1217379,0.0,2163
CP001834.1,NC_002662.1,98.908,1099,12,0,37704,38802,55148,56246,0.0,1964
CP001834.1,NC_002662.1,88.131,1643,190,3,1728627,1730265,239629,237988,0.0,1949
CP001834.1,NC_002662.1,89.267,1500,161,0,233084,234583,237988,239487,0.0,1879
CP001834.1,NC_002662.1,99.412,1020,6,0,2504670,2505689,2281009,2282028,0.0,1851
CP001834.1,NC_002662.1,93.659,1230,73,5,2335248,2336475,650100,651326,0.0,1834
CP001834.1,NC_002662.1,93.770,1220,72,4,2337747,2338965,650104,651320,0.0,1829
CP001834.1,NC_002662.1,97.544,977,24,0,1423926,1424902,1336910,1337886,0.0,1672
CP001834.1,NC_002662.1,92.181,1151,85,2,279099,280247,1265748,1264601,0.0,1622
CP001834.1,NC_002662.1,93.456,1085,58,7,2506866,2507948,48643,47570,0.0,1598
CP001834.1,NC_002662.1,90.802,1185,89,11,573981,575148,581761,582942,0.0,1567
CP001834.1,NC_002662.1,91.161,1154,95,4,2341021,2342172,1264600,1265748,0.0,1559
CP001834.1,NC_002662.1,82.486,1730,277,22,1329678,1331394,1259542,1261258,0.0,1493
CP001834.1,NC_002662.1,92.161,1046,76,4,2459328,2460371,2236464,2237505,0.0,1472
CP001834.1,NC_002662.1,91.002,1078,89,6,1270728,1271799,1211971,1213046,0.0,1447
CP001834.1,NC_002662.1,94.084,862,51,0,1097489,1098350,481006,481867,0.0,1310
CP001834.1,NC_002662.1,87.500,1032,124,5,1725282,1726311,871167,870139,0.0,1186
CP001834.1,NC_002662.1,91.385,859,74,0,1097492,1098350,1419806,1418948,0.0,1177
CP001834.1,NC_002662.1,86.792,1060,124,10,237253,238306,1584804,1583755,0.0,1168
CP001834.1,NC_002662.1,98.310,651,8,3,2165069,2165717,1977256,1977905,0.0,1138
CP001834.1,NC_002662.1,99.340,606,4,0,1572545,1573150,1052049,1051444,0.0,1098
CP001834.1,NC_002662.1,87.260,887,106,5,2514067,2514951,507400,508281,0.0,1005
CP001834.1,NC_002662.1,87.191,890,100,12,1587062,1587948,1453944,1454822,0.0,1000
CP001834.1,NC_002662.1,95.254,611,27,2,2066990,2067599,2018962,2019571,0.0,966
CP001834.1,NC_002662.1,96.360,577,18,3,2061237,2061811,2012475,2013050,0.0,946
CP001834.1,NC_002662.1,92.767,636,41,3,1578156,1578787,1444849,1445483,0.0,915
CP001834.1,NC_002662.1,85.665,865,106,17,2512921,2513777,42520,41666,0.0,894
CP001834.1,NC_002662.1,93.074,592,40,1,1576167,1576758,1442995,1443585,0.0,865
CP001834.1,NC_002662.1,92.453,583,44,0,1578722,1579304,457630,457048,0.0,833
CP001834.1,NC_002662.1,87.430,716,81,6,1094409,1095121,1425382,1424673,0.0,815
CP001834.1,NC_002662.1,87.270,707,81,6,1094409,1095112,476615,477315,0.0,798
CP001834.1,NC_002662.1,78.336,1274,244,28,2072400,2073656,2024429,2025687,0.0,795
CP001834.1,NC_002662.1,93.006,529,37,0,1074540,1075068,1445375,1444847,0.0,773
CP001834.1,NC_002662.1,79.194,1067,212,10,129077,130138,153285,154346,0.0,732
CP001834.1,NC_002662.1,93.400,500,21,3,2509245,2509742,46914,46425,0.0,730
CP001834.1,NC_002662.1,89.721,574,49,10,2345011,2345578,517469,516900,0.0,725
CP001834.1,NC_002662.1,89.565,575,49,9,275682,276250,516900,517469,0.0,719
CP001834.1,NC_002662.1,94.785,441,17,6,893087,893524,237449,237886,0.0,682
CP001834.1,NC_002662.1,78.620,1029,204,15,545843,546865,2333483,2332465,0.0,667
CP001834.1,NC_002662.1,78.378,1073,194,33,1725288,1726340,241698,240644,0.0,662
CP001834.1,NC_002662.1,93.126,451,29,2,1584060,1584509,1452150,1452599,0.0,660
CP001834.1,NC_002662.1,78.240,1034,211,11,2566068,2567093,554730,553703,0.0,651
CP001834.1,NC_002662.1,94.840,407,21,0,1579668,1580074,1447269,1447675,1.67e-179,636
CP001834.1,NC_002662.1,95.190,395,18,1,1730416,1730810,237849,237456,1.30e-175,623
CP001834.1,NC_002662.1,83.981,643,100,2,1540134,1540773,583352,582710,7.83e-173,614
CP001834.1,NC_002662.1,97.151,351,10,0,1551824,1552174,481860,481510,1.02e-166,593
CP001834.1,NC_002662.1,96.601,353,12,0,1551824,1552176,1418955,1419307,1.71e-164,586
CP001834.1,NC_002662.1,90.066,453,25,11,235812,236247,1588759,1588310,1.72e-159,569
CP001834.1,NC_002662.1,75.559,1207,255,30,1095647,1096833,477850,479036,3.72e-156,558
CP001834.1,NC_002662.1,90.255,431,36,6,1587579,1588007,505260,504834,3.72e-156,558
CP001834.1,NC_002662.1,92.876,379,21,3,1536841,1537214,516550,516173,2.90e-152,545
CP001834.1,NC_002662.1,89.623,424,44,0,1576335,1576758,1048841,1048418,1.35e-150,540
CP001834.1,NC_002662.1,89.438,445,22,8,235812,236238,869288,869725,4.85e-150,538
CP001834.1,NC_002662.1,89.311,421,45,0,1576338,1576758,459292,458872,2.92e-147,529
CP001834.1,NC_002662.1,89.070,430,37,9,1208630,1209054,516979,517403,3.77e-146,525
CP001834.1,NC_002662.1,93.239,355,23,1,1579187,1579540,1446432,1446786,4.88e-145,521
CP001834.1,NC_002662.1,77.304,868,184,10,365422,366283,317470,318330,2.29e-138,499
CP001834.1,NC_002662.1,75.816,1042,219,24,2482252,2483278,2256985,2258008,8.22e-138,497
CP001834.1,NC_002662.1,96.370,303,6,5,2061874,2062174,516187,515888,1.06e-136,494
CP001834.1,NC_002662.1,96.949,295,7,2,2061877,2062171,2013172,2013464,1.06e-136,494
CP001834.1,NC_002662.1,77.047,867,188,8,364419,365279,318473,319334,4.95e-135,488
CP001834.1,NC_002662.1,90.489,368,35,0,1080214,1080581,1442804,1442437,1.78e-134,486
CP001834.1,NC_002662.1,94.444,306,16,1,788982,789286,757588,757893,1.79e-129,470
CP001834.1,NC_002662.1,97.770,269,6,0,2064462,2064730,514702,514434,8.34e-128,464
CP001834.1,NC_002662.1,94.631,298,15,1,1312377,1312674,1242458,1242754,1.08e-126,460
CP001834.1,NC_002662.1,93.226,310,19,2,1534477,1534786,2012531,2012838,5.02e-125,455
CP001834.1,NC_002662.1,93.464,306,19,1,789054,789358,757516,757821,1.81e-124,453
CP001834.1,NC_002662.1,89.205,352,35,3,1579191,1579540,1046182,1045832,1.82e-119,436
CP001834.1,NC_002662.1,88.920,352,36,3,1069719,1070069,1040623,1040972,8.46e-118,431
CP001834.1,NC_002662.1,96.825,252,8,0,2508779,2509030,45301,45050,5.09e-115,422
CP001834.1,NC_002662.1,96.825,252,5,1,1356441,1356689,1269004,1269255,6.59e-114,418
CP001834.1,NC_002662.1,84.772,394,46,11,1546193,1546574,516858,516467,2.40e-103,383
CP001834.1,NC_002662.1,96.154,234,9,0,789125,789358,757516,757749,2.40e-103,383
CP001834.1,NC_002662.1,73.201,1209,262,48,1095650,1096827,1424144,1422967,8.64e-103,381
CP001834.1,NC_002662.1,93.077,260,5,5,535710,535968,28448,28695,6.73e-99,368
CP001834.1,NC_002662.1,93.077,260,5,5,28666,28913,543445,543703,6.73e-99,368
CP001834.1,NC_002662.1,94.421,233,13,0,2061589,2061821,516544,516312,4.05e-96,359
CP001834.1,NC_002662.1,97.129,209,6,0,1075061,1075269,457852,458060,1.88e-94,353
CP001834.1,NC_002662.1,97.129,209,6,0,1075061,1075269,1047398,1047606,1.88e-94,353
CP001834.1,NC_002662.1,93.220,236,14,2,1312440,1312674,1242376,1242610,3.15e-92,346
CP001834.1,NC_002662.1,93.133,233,16,0,1570666,1570898,464424,464192,4.08e-91,342
CP001834.1,NC_002662.1,93.805,226,13,1,1312377,1312602,1242602,1242826,5.27e-90,339
CP001834.1,NC_002662.1,92.735,234,16,1,788982,789214,757660,757893,1.90e-89,337
CP001834.1,NC_002662.1,91.736,242,20,0,1075625,1075866,1444092,1443851,1.90e-89,337
CP001834.1,NC_002662.1,96.098,205,8,0,1545703,1545907,1415285,1415489,6.82e-89,335
CP001834.1,NC_002662.1,80.896,424,71,7,2517899,2518316,37246,36827,4.11e-86,326
CP001834.1,NC_002662.1,87.324,284,29,6,2508005,2508283,47338,47057,6.87e-84,318
CP001834.1,NC_002662.1,95.455,198,6,3,19,216,2365394,2365588,3.20e-82,313
CP001834.1,NC_002662.1,95.745,188,7,1,1546018,1546204,483842,483655,6.92e-79,302
CP001834.1,NC_002662.1,83.281,317,53,0,2497864,2498180,1043482,1043166,4.17e-76,292
CP001834.1,NC_002662.1,80.149,403,66,7,1573799,1574199,460864,460474,5.39e-75,289
CP001834.1,NC_002662.1,94.118,187,11,0,1546018,1546204,1415522,1415708,6.97e-74,285
CP001834.1,NC_002662.1,89.954,219,21,1,1536848,1537066,2012828,2013045,9.02e-73,281
CP001834.1,NC_002662.1,87.649,251,17,12,942873,943111,1288912,1288664,3.24e-72,279
CP001834.1,NC_002662.1,94.444,180,9,1,1070331,1070509,452744,452923,4.19e-71,276
CP001834.1,NC_002662.1,80.488,369,65,7,214046,214411,950845,951209,4.19e-71,276
CP001834.1,NC_002662.1,86.381,257,21,12,1378541,1378794,907496,907251,7.02e-69,268
CP001834.1,NC_002662.1,95.238,168,8,0,1076129,1076296,1443162,1442995,2.52e-68,267
CP001834.1,NC_002662.1,78.947,399,74,9,988787,989181,219866,220258,3.27e-67,263
CP001834.1,NC_002662.1,93.827,162,10,0,789197,789358,757516,757677,1.18e-61,244
CP001834.1,NC_002662.1,95.946,148,6,0,1075989,1076136,1443725,1443578,1.53e-60,241
CP001834.1,NC_002662.1,91.011,178,15,1,2064716,2064893,514074,513898,5.50e-60,239
CP001834.1,NC_002662.1,93.168,161,7,4,252611,252769,123319,123477,2.56e-58,233
CP001834.1,NC_002662.1,93.168,161,7,4,93130,93288,256000,256158,2.56e-58,233
CP001834.1,NC_002662.1,92.169,166,11,2,1312512,1312676,1242376,1242540,2.56e-58,233
CP001834.1,NC_002662.1,91.975,162,13,0,2510971,2511132,44639,44478,1.19e-56,228
CP001834.1,NC_002662.1,86.408,206,28,0,44381,44586,61640,61845,4.28e-56,226
CP001834.1,NC_002662.1,86.408,206,28,0,44063,44268,61958,62163,4.28e-56,226
CP001834.1,NC_002662.1,92.857,154,10,1,1312377,1312530,1242674,1242826,5.54e-55,222
CP001834.1,NC_002662.1,91.358,162,13,1,788982,789142,757732,757893,1.99e-54,220
CP001834.1,NC_002662.1,96.947,131,4,0,1577703,1577833,1444383,1444513,1.99e-54,220
CP001834.1,NC_002662.1,91.772,158,12,1,544999,545155,552797,552954,7.17e-54,219
CP001834.1,NC_002662.1,96.923,130,4,0,1572026,1572155,1440485,1440614,7.17e-54,219
CP001834.1,NC_002662.1,76.982,391,82,7,1589911,1590296,1414974,1415361,2.58e-53,217
CP001834.1,NC_002662.1,90.850,153,14,0,2371655,2371807,2151141,2151293,5.58e-50,206
CP001834.1,NC_002662.1,85.714,203,16,7,1533793,1533991,1413017,1413210,7.22e-49,202
CP001834.1,NC_002662.1,94.531,128,7,0,57454,57581,75845,75972,9.34e-48,198
CP001834.1,NC_002662.1,93.846,130,8,0,1584060,1584189,1041107,1040978,3.36e-47,196
CP001834.1,NC_002662.1,92.366,131,10,0,59441,59571,75031,75161,2.02e-44,187
CP001834.1,NC_002662.1,90.845,142,8,4,1534873,1535012,2013041,2013179,7.27e-44,185
CP001834.1,NC_002662.1,96.429,112,3,1,1535071,1535182,2012936,2013046,2.62e-43,183
CP001834.1,NC_002662.1,91.603,131,10,1,1535071,1535200,516436,516306,3.38e-42,180
CP001834.1,NC_002662.1,95.495,111,4,1,1293435,1293544,1222802,1222912,4.38e-41,176
CP001834.1,NC_002662.1,93.913,115,7,0,157078,157192,164842,164956,1.57e-40,174
CP001834.1,NC_002662.1,89.437,142,7,7,1808578,1808716,1643850,1643986,5.66e-40,172
CP001834.1,NC_002662.1,76.000,325,76,2,544079,544402,1567473,1567150,2.63e-38,167
CP001834.1,NC_002662.1,75.767,326,75,4,1708691,1709014,552135,551812,1.23e-36,161
CP001834.1,NC_002662.1,90.756,119,9,1,2592693,2592809,28934,28816,1.59e-35,158
CP001834.1,NC_002662.1,72.222,594,137,24,2031637,2032216,1819662,1819083,1.59e-35,158
CP001834.1,NC_002662.1,72.269,595,135,25,1996025,1996604,1855268,1854689,1.59e-35,158
CP001834.1,NC_002662.1,90.678,118,9,1,29034,29151,2360018,2359903,5.70e-35,156
CP001834.1,NC_002662.1,91.892,111,5,4,1545672,1545779,1457007,1457116,7.38e-34,152
CP001834.1,NC_002662.1,83.626,171,15,10,2520238,2520402,35210,35047,9.54e-33,148
CP001834.1,NC_002662.1,95.652,92,4,0,28490,28581,1412439,1412348,9.54e-33,148
CP001834.1,NC_002662.1,97.647,85,2,0,789269,789353,757516,757600,3.43e-32,147
CP001834.1,NC_002662.1,100.000,78,0,0,2592841,2592918,28270,28193,1.23e-31,145
CP001834.1,NC_002662.1,100.000,78,0,0,28411,28488,2360127,2360050,1.23e-31,145
CP001834.1,NC_002662.1,100.000,77,0,0,535427,535503,283093,283169,4.44e-31,143
CP001834.1,NC_002662.1,90.826,109,7,3,1581358,1581466,454693,454588,4.44e-31,143
CP001834.1,NC_002662.1,100.000,77,0,0,325733,325809,543169,543245,4.44e-31,143
CP001834.1,NC_002662.1,98.750,80,0,1,535349,535428,282716,282794,1.60e-30,141
CP001834.1,NC_002662.1,98.750,80,0,1,624086,624165,542706,542784,1.60e-30,141
CP001834.1,NC_002662.1,98.750,80,0,1,325356,325434,543091,543170,1.60e-30,141
CP001834.1,NC_002662.1,98.750,80,0,1,2167605,2167683,618571,618492,1.60e-30,141
CP001834.1,NC_002662.1,98.750,80,0,1,534966,535044,618492,618571,1.60e-30,141
CP001834.1,NC_002662.1,89.381,113,10,2,1105447,1105559,1075471,1075581,1.60e-30,141
CP001834.1,NC_002662.1,98.750,80,0,1,624086,624165,1980958,1980880,1.60e-30,141
CP001834.1,NC_002662.1,92.784,97,6,1,545064,545159,552732,552828,5.74e-30,139
CP001834.1,NC_002662.1,100.000,73,0,0,2573311,2573383,1690707,1690779,7.43e-29,135
CP001834.1,NC_002662.1,100.000,73,0,0,1859803,1859875,2340523,2340595,7.43e-29,135
CP001834.1,NC_002662.1,97.436,78,1,1,2346270,2346347,28450,28374,9.61e-28,132
CP001834.1,NC_002662.1,97.436,78,1,1,274912,274989,28374,28450,9.61e-28,132
CP001834.1,NC_002662.1,96.296,81,2,1,1534013,1534092,1415285,1415365,9.61e-28,132
CP001834.1,NC_002662.1,97.436,78,1,1,1078220,1078296,1442177,1442100,9.61e-28,132
CP001834.1,NC_002662.1,92.473,93,4,2,1504973,1505062,1384763,1384855,3.46e-27,130
CP001834.1,NC_002662.1,97.368,76,1,1,1208263,1208338,28376,28450,1.24e-26,128
CP001834.1,NC_002662.1,98.611,72,1,0,1545839,1545910,483943,483872,1.24e-26,128
CP001834.1,NC_002662.1,86.066,122,11,6,2573741,2573859,28813,28695,4.47e-26,126
CP001834.1,NC_002662.1,86.066,122,11,6,2167875,2167993,28813,28695,4.47e-26,126
CP001834.1,NC_002662.1,86.066,122,11,6,534656,534774,28695,28813,4.47e-26,126
CP001834.1,NC_002662.1,86.066,122,11,6,28913,29031,542396,542514,4.47e-26,126
CP001834.1,NC_002662.1,86.066,122,11,6,28913,29031,1981268,1981150,4.47e-26,126
CP001834.1,NC_002662.1,86.066,122,11,6,28913,29031,2341071,2340953,4.47e-26,126
CP001834.1,NC_002662.1,85.950,121,11,6,2592924,2593041,28812,28695,1.61e-25,124
CP001834.1,NC_002662.1,85.950,121,11,6,28913,29030,2360250,2360133,1.61e-25,124
CP001834.1,NC_002662.1,88.350,103,10,2,2485485,2485586,28796,28695,5.78e-25,122
CP001834.1,NC_002662.1,88.350,103,10,2,2441101,2441202,28796,28695,5.78e-25,122
CP001834.1,NC_002662.1,96.000,75,3,0,1078222,1078296,460046,460120,5.78e-25,122
CP001834.1,NC_002662.1,83.704,135,16,5,1210931,1211063,1268924,1268794,5.78e-25,122
CP001834.1,NC_002662.1,85.833,120,11,6,28913,29029,2218330,2218214,5.78e-25,122
CP001834.1,NC_002662.1,85.833,120,11,6,28913,29029,2260841,2260725,5.78e-25,122
CP001834.1,NC_002662.1,92.857,84,5,1,1585532,1585614,450757,450674,2.08e-24,121
CP001834.1,NC_002662.1,97.183,71,2,0,1574192,1574262,1442107,1442177,2.08e-24,121
CP001834.1,NC_002662.1,94.872,78,3,1,1534012,1534088,1457039,1457116,2.08e-24,121
CP001834.1,NC_002662.1,89.130,92,8,2,1312584,1312674,1242376,1242466,3.48e-22,113
CP001834.1,NC_002662.1,97.059,68,1,1,1577561,1577627,1444228,1444295,3.48e-22,113
CP001834.1,NC_002662.1,87.379,103,5,2,2415645,2415747,1075581,1075487,1.25e-21,111
CP001834.1,NC_002662.1,94.203,69,4,0,1574192,1574260,460114,460046,5.82e-20,106
CP001834.1,NC_002662.1,95.522,67,2,1,1082687,1082752,2016788,2016722,5.82e-20,106
CP001834.1,NC_002662.1,81.679,131,18,5,1573460,1573589,1441640,1441765,2.09e-19,104
CP001834.1,NC_002662.1,90.909,77,5,2,2226881,2226956,1891917,1891842,7.53e-19,102
CP001834.1,NC_002662.1,82.456,114,20,0,1081238,1081351,460369,460482,2.71e-18,100
CP001834.1,NC_002662.1,86.957,92,9,2,2061576,2061665,483679,483589,2.71e-18,100
CP001834.1,NC_002662.1,93.939,66,4,0,2182088,2182153,2052227,2052162,2.71e-18,100
CP001834.1,NC_002662.1,98.182,55,1,0,1577573,1577627,458503,458449,3.51e-17,97.1
CP001834.1,NC_002662.1,77.987,159,32,3,2066978,2067136,511350,511195,3.51e-17,97.1
CP001834.1,NC_002662.1,98.182,55,1,0,1535243,1535297,516188,516134,3.51e-17,97.1
CP001834.1,NC_002662.1,98.182,55,1,0,1577573,1577627,1048049,1047995,3.51e-17,97.1
CP001834.1,NC_002662.1,91.667,72,2,3,1327971,1328040,1258169,1258100,3.51e-17,97.1
CP001834.1,NC_002662.1,98.148,54,1,0,1575498,1575551,459582,459529,1.26e-16,95.3
CP001834.1,NC_002662.1,98.148,54,1,0,1076912,1076965,459529,459582,1.26e-16,95.3
CP001834.1,NC_002662.1,81.301,123,17,5,1573468,1573588,460953,460835,1.26e-16,95.3
CP001834.1,NC_002662.1,98.113,53,1,0,1077732,1077784,1049858,1049910,4.53e-16,93.5
CP001834.1,NC_002662.1,95.000,60,2,1,1080530,1080589,1049861,1049919,4.53e-16,93.5
CP001834.1,NC_002662.1,87.342,79,10,0,1536846,1536924,483667,483589,1.63e-15,91.6
CP001834.1,NC_002662.1,88.462,78,5,3,1588372,1588448,504552,504478,1.63e-15,91.6
CP001834.1,NC_002662.1,90.000,70,7,0,901874,901943,876313,876382,1.63e-15,91.6
CP001834.1,NC_002662.1,81.148,122,14,5,1588933,1589049,448488,448371,5.87e-15,89.8
CP001834.1,NC_002662.1,98.039,51,1,0,1572105,1572155,463411,463361,5.87e-15,89.8
CP001834.1,NC_002662.1,84.783,92,11,2,2061576,2061665,1415684,1415774,5.87e-15,89.8
CP001834.1,NC_002662.1,93.220,59,3,1,1079419,1079476,459529,459587,7.59e-14,86.1
CP001834.1,NC_002662.1,100.000,46,0,0,860616,860661,786932,786977,7.59e-14,86.1
CP001834.1,NC_002662.1,100.000,46,0,0,818445,818490,831130,831175,7.59e-14,86.1
CP001834.1,NC_002662.1,97.959,49,1,0,1576172,1576220,1049221,1049173,7.59e-14,86.1
CP001834.1,NC_002662.1,97.959,49,1,0,1076243,1076291,1049173,1049221,7.59e-14,86.1
CP001834.1,NC_002662.1,90.625,64,6,0,1948853,1948916,1770222,1770285,7.59e-14,86.1
CP001834.1,NC_002662.1,94.545,55,2,1,1574678,1574731,1049912,1049858,2.73e-13,84.2
CP001834.1,NC_002662.1,97.872,47,1,0,1588385,1588431,1038487,1038441,9.81e-13,82.4
CP001834.1,NC_002662.1,90.625,64,3,3,1574671,1574732,1442429,1442491,9.81e-13,82.4
CP001834.1,NC_002662.1,94.444,54,2,1,1077731,1077784,1442491,1442439,9.81e-13,82.4
CP001834.1,NC_002662.1,89.394,66,6,1,2182089,2182153,1891843,1891908,9.81e-13,82.4
CP001834.1,NC_002662.1,89.062,64,7,0,1947169,1947232,1771906,1771969,3.53e-12,80.5
CP001834.1,NC_002662.1,88.406,69,2,4,1574665,1574731,459804,459740,1.27e-11,78.7
CP001834.1,NC_002662.1,92.727,55,2,2,1077732,1077784,459740,459794,1.27e-11,78.7
CP001834.1,NC_002662.1,91.379,58,3,2,1573464,1573520,461652,461596,1.27e-11,78.7
CP001834.1,NC_002662.1,100.000,41,0,0,2435231,2435271,2209676,2209636,4.57e-11,76.8
CP001834.1,NC_002662.1,94.118,51,0,2,1573468,1573517,1051148,1051100,1.64e-10,75.0
CP001834.1,NC_002662.1,100.000,40,0,0,1075422,1075461,1444277,1444238,1.64e-10,75.0
CP001834.1,NC_002662.1,100.000,40,0,0,2388814,2388853,1857125,1857164,1.64e-10,75.0
CP001834.1,NC_002662.1,100.000,40,0,0,2034051,2034090,2163501,2163540,1.64e-10,75.0
CP001834.1,NC_002662.1,95.556,45,2,0,1534570,1534614,1415491,1415535,5.91e-10,73.1
CP001834.1,NC_002662.1,95.652,46,1,1,2081405,2081450,1995346,1995390,5.91e-10,73.1
CP001834.1,NC_002662.1,100.000,38,0,0,1081126,1081163,460083,460120,2.12e-09,71.3
CP001834.1,NC_002662.1,86.567,67,5,3,1547210,1547272,1071830,1071764,2.12e-09,71.3
CP001834.1,NC_002662.1,85.915,71,5,5,2504609,2504678,2271429,2271495,2.12e-09,71.3
CP001834.1,NC_002662.1,87.302,63,5,3,2034033,2034094,315682,315622,7.64e-09,69.4
CP001834.1,NC_002662.1,90.741,54,2,3,1547210,1547261,516182,516130,7.64e-09,69.4
CP001834.1,NC_002662.1,100.000,37,0,0,1080791,1080827,1050134,1050170,7.64e-09,69.4
CP001834.1,NC_002662.1,81.000,100,8,8,1535237,1535328,1071843,1071747,7.64e-09,69.4
CP001834.1,NC_002662.1,87.302,63,4,3,1547210,1547268,1415776,1415838,7.64e-09,69.4
CP001834.1,NC_002662.1,82.667,75,13,0,1331410,1331484,1261328,1261402,2.75e-08,67.6
CP001834.1,NC_002662.1,95.238,42,2,0,1416730,1416771,1326910,1326869,2.75e-08,67.6
CP001834.1,NC_002662.1,76.159,151,23,10,1535157,1535297,1415677,1415824,2.75e-08,67.6
CP001834.1,NC_002662.1,100.000,36,0,0,1880611,1880646,1711313,1711278,2.75e-08,67.6
CP001834.1,NC_002662.1,93.478,46,2,1,362544,362588,2163496,2163541,2.75e-08,67.6
CP001834.1,NC_002662.1,100.000,36,0,0,486283,486318,2326858,2326893,2.75e-08,67.6
CP001834.1,NC_002662.1,100.000,35,0,0,1075424,1075458,458469,458503,9.88e-08,65.8
CP001834.1,NC_002662.1,86.667,60,6,2,584821,584879,593010,592952,9.88e-08,65.8
CP001834.1,NC_002662.1,100.000,35,0,0,1075424,1075458,1048015,1048049,9.88e-08,65.8
CP001834.1,NC_002662.1,97.436,39,0,1,1081126,1081163,1442138,1442100,9.88e-08,65.8
CP001834.1,NC_002662.1,97.436,39,0,1,362550,362587,1857126,1857164,9.88e-08,65.8
CP001834.1,NC_002662.1,100.000,34,0,0,2388817,2388850,315663,315630,3.56e-07,63.9
CP001834.1,NC_002662.1,100.000,34,0,0,471989,472022,427698,427665,3.56e-07,63.9
CP001834.1,NC_002662.1,95.122,41,0,2,2034054,2034094,441992,441954,3.56e-07,63.9
CP001834.1,NC_002662.1,100.000,34,0,0,2388817,2388850,441992,441959,3.56e-07,63.9
CP001834.1,NC_002662.1,100.000,33,0,0,362552,362584,315663,315631,1.28e-06,62.1
CP001834.1,NC_002662.1,95.000,40,1,1,1137785,1137824,415511,415549,1.28e-06,62.1
CP001834.1,NC_002662.1,97.222,36,1,0,362552,362587,441992,441957,1.28e-06,62.1
CP001834.1,NC_002662.1,97.297,37,0,1,2560461,2560497,441957,441992,1.28e-06,62.1
CP001834.1,NC_002662.1,100.000,33,0,0,1080909,1080941,1442172,1442140,1.28e-06,62.1
CP001834.1,NC_002662.1,94.872,39,2,0,2560460,2560498,2163541,2163503,1.28e-06,62.1
CP001834.1,NC_002662.1,93.182,44,0,2,1945459,1945499,2209683,2209640,1.28e-06,62.1
CP001834.1,NC_002662.1,94.872,39,1,1,486280,486318,315626,315663,4.60e-06,60.2
CP001834.1,NC_002662.1,97.222,36,0,1,2560462,2560497,315629,315663,4.60e-06,60.2
CP001834.1,NC_002662.1,92.857,42,2,1,884037,884077,1857115,1857156,4.60e-06,60.2
CP001834.1,NC_002662.1,94.872,39,1,1,2560461,2560498,1857165,1857127,4.60e-06,60.2
CP001834.1,NC_002662.1,94.872,39,0,2,486280,486318,1857164,1857128,4.60e-06,60.2
CP001834.1,NC_002662.1,94.872,39,0,2,486280,486318,2163540,2163504,4.60e-06,60.2
CP001834.1,NC_002662.1,94.872,39,1,1,1945462,1945499,2209635,2209673,4.60e-06,60.2
CP001834.1,NC_002662.1,100.000,31,0,0,765824,765854,415540,415510,1.65e-05,58.4
CP001834.1,NC_002662.1,100.000,31,0,0,1585515,1585545,451184,451154,1.65e-05,58.4
CP001834.1,NC_002662.1,100.000,31,0,0,1076103,1076133,458846,458876,1.65e-05,58.4
CP001834.1,NC_002662.1,100.000,31,0,0,2123037,2123067,689374,689404,1.65e-05,58.4
CP001834.1,NC_002662.1,100.000,31,0,0,459881,459911,734313,734283,1.65e-05,58.4
CP001834.1,NC_002662.1,100.000,31,0,0,1076103,1076133,1048392,1048422,1.65e-05,58.4
CP001834.1,NC_002662.1,100.000,31,0,0,1576057,1576087,1049336,1049306,1.65e-05,58.4
CP001834.1,NC_002662.1,100.000,31,0,0,1076376,1076406,1049306,1049336,1.65e-05,58.4
CP001834.1,NC_002662.1,97.059,34,1,0,2463270,2463303,1329121,1329088,1.65e-05,58.4
CP001834.1,NC_002662.1,100.000,31,0,0,717537,717567,1934097,1934127,1.65e-05,58.4
CP001834.1,NC_002662.1,89.583,48,1,3,2368221,2368266,2149121,2149076,1.65e-05,58.4
CP001834.1,NC_002662.1,97.059,34,1,0,1418949,1418982,2170989,2170956,1.65e-05,58.4
CP001834.1,NC_002662.1,100.000,30,0,0,1800963,1800992,112637,112666,5.95e-05,56.5
CP001834.1,NC_002662.1,100.000,30,0,0,1586292,1586321,450412,450383,5.95e-05,56.5
CP001834.1,NC_002662.1,100.000,30,0,0,1137785,1137814,734312,734283,5.95e-05,56.5
CP001834.1,NC_002662.1,100.000,30,0,0,1418954,1418983,807199,807170,5.95e-05,56.5
CP001834.1,NC_002662.1,100.000,30,0,0,2560469,2560498,858560,858531,5.95e-05,56.5
CP001834.1,NC_002662.1,100.000,30,0,0,2510003,2510032,1044096,1044125,5.95e-05,56.5
CP001834.1,NC_002662.1,100.000,30,0,0,2435234,2435263,1768552,1768523,5.95e-05,56.5
CP001834.1,NC_002662.1,100.000,30,0,0,2435238,2435267,1768523,1768552,5.95e-05,56.5
CP001834.1,NC_002662.1,100.000,30,0,0,884048,884077,2163503,2163532,5.95e-05,56.5
CP001834.1,NC_002662.1,100.000,30,0,0,884048,884077,2326894,2326865,5.95e-05,56.5
CP001834.1,NC_002662.1,100.000,29,0,0,431633,431661,267770,267798,2.14e-04,54.7
CP001834.1,NC_002662.1,100.000,29,0,0,884049,884077,315663,315635,2.14e-04,54.7
CP001834.1,NC_002662.1,100.000,29,0,0,2207488,2207516,386027,385999,2.14e-04,54.7
CP001834.1,NC_002662.1,96.970,33,0,1,266401,266432,387266,387298,2.14e-04,54.7
CP001834.1,NC_002662.1,100.000,29,0,0,884049,884077,441992,441964,2.14e-04,54.7
CP001834.1,NC_002662.1,100.000,29,0,0,1075667,1075695,458655,458683,2.14e-04,54.7
CP001834.1,NC_002662.1,100.000,29,0,0,2063035,2063063,515907,515879,2.14e-04,54.7
CP001834.1,NC_002662.1,100.000,29,0,0,486290,486318,858560,858532,2.14e-04,54.7
CP001834.1,NC_002662.1,100.000,29,0,0,1075667,1075695,1048201,1048229,2.14e-04,54.7
CP001834.1,NC_002662.1,94.286,35,2,0,1952607,1952641,1775951,1775917,2.14e-04,54.7
CP001834.1,NC_002662.1,100.000,29,0,0,2464832,2464860,2035220,2035192,2.14e-04,54.7
CP001834.1,NC_002662.1,100.000,29,0,0,2207489,2207517,2239048,2239020,2.14e-04,54.7
CP001834.1,NC_002662.1,100.000,28,0,0,2362232,2362259,112638,112665,7.70e-04,52.8
CP001834.1,NC_002662.1,100.000,28,0,0,2207488,2207515,224172,224145,7.70e-04,52.8
CP001834.1,NC_002662.1,100.000,28,0,0,219232,219259,315632,315659,7.70e-04,52.8
CP001834.1,NC_002662.1,100.000,28,0,0,370671,370698,323749,323722,7.70e-04,52.8
CP001834.1,NC_002662.1,100.000,28,0,0,2464833,2464860,385999,386026,7.70e-04,52.8
CP001834.1,NC_002662.1,100.000,28,0,0,219235,219262,386000,386027,7.70e-04,52.8
CP001834.1,NC_002662.1,100.000,28,0,0,219232,219259,441961,441988,7.70e-04,52.8
CP001834.1,NC_002662.1,85.714,49,7,0,1586533,1586581,450192,450144,7.70e-04,52.8
CP001834.1,NC_002662.1,100.000,28,0,0,1577806,1577833,458067,458040,7.70e-04,52.8
CP001834.1,NC_002662.1,100.000,28,0,0,1576898,1576925,458876,458849,7.70e-04,52.8
CP001834.1,NC_002662.1,90.476,42,1,1,955711,955752,914030,914068,7.70e-04,52.8
CP001834.1,NC_002662.1,100.000,28,0,0,1577806,1577833,1047613,1047586,7.70e-04,52.8
CP001834.1,NC_002662.1,100.000,28,0,0,1576898,1576925,1048422,1048395,7.70e-04,52.8
CP001834.1,NC_002662.1,96.875,32,0,1,1076934,1076965,1442822,1442792,7.70e-04,52.8
CP001834.1,NC_002662.1,96.875,32,0,1,1575498,1575529,1442792,1442822,7.70e-04,52.8
CP001834.1,NC_002662.1,100.000,28,0,0,1576898,1576925,1443581,1443608,7.70e-04,52.8
CP001834.1,NC_002662.1,100.000,28,0,0,2362232,2362259,1634992,1635019,7.70e-04,52.8
CP001834.1,NC_002662.1,100.000,28,0,0,219232,219259,1857159,1857132,7.70e-04,52.8
CP001834.1,NC_002662.1,100.000,28,0,0,884048,884075,1881468,1881441,7.70e-04,52.8
CP001834.1,NC_002662.1,100.000,28,0,0,2560471,2560498,1881441,1881468,7.70e-04,52.8
CP001834.1,NC_002662.1,100.000,28,0,0,2037785,2037812,2000358,2000331,7.70e-04,52.8
CP001834.1,NC_002662.1,100.000,28,0,0,219235,219262,2035218,2035191,7.70e-04,52.8
CP001834.1,NC_002662.1,100.000,28,0,0,1143862,1143889,2035536,2035509,7.70e-04,52.8
CP001834.1,NC_002662.1,100.000,28,0,0,68364,68391,2066441,2066414,7.70e-04,52.8
CP001834.1,NC_002662.1,100.000,28,0,0,1800964,1800991,2142009,2142036,7.70e-04,52.8
CP001834.1,NC_002662.1,100.000,28,0,0,219232,219259,2163535,2163508,7.70e-04,52.8
CP001834.1,NC_002662.1,100.000,28,0,0,839011,839038,2170956,2170983,7.70e-04,52.8
